image_width: 640
image_height: 480
camera_name: nao_camera
camera_matrix:
  rows: 3
  cols: 3
  data: [547.581, 0, 320.68, 0, 550.787, 198.281, 0, 0, 1]
distortion_model: plumb_bob
distortion_coefficients:
  rows: 1
  cols: 5
  data: [-0.090018, 0.0761529, 0.00311267, -0.000660696, 4.15855054104577e-320]
rectification_matrix:
  rows: 3
  cols: 3
  data: [1, 0, 0, 0, 1, 0, 0, 0, 1]
projection_matrix:
  rows: 3
  cols: 4
  data: [547.581, 0, 320.68, 0, 0, 550.787, 198.281, 0, 0, 0, 1, 0]